ALG_NAME,ANT_COUNT,MAX_IT,SEED,ALPHA_ANT,BETA_ANT,RHO,CHOSEN_ANTS,ALPHA_PSO,BETA_PSO,GAMMA,SCORE
pso,200,50,6666,,,,,0.55,0.55,0,481.93
pso,200,50,6666,,,,,0.55,0.55,0.5,496.67
pso,200,50,6666,,,,,0.55,0.55,1,605.97
pso,200,50,6666,,,,,0.55,0.85,0,503.56
pso,200,50,6666,,,,,0.55,0.85,0.5,478.43
pso,200,50,6666,,,,,0.55,0.85,1,582.24
pso,200,50,6666,,,,,0.85,0.55,0,481.93
pso,200,50,6666,,,,,0.85,0.55,0.5,467.68
pso,200,50,6666,,,,,0.85,0.55,1,605.97
pso,200,50,6666,,,,,0.85,0.85,0,497.76
pso,200,50,6666,,,,,0.85,0.85,0.5,475.27
pso,200,50,6666,,,,,0.85,0.85,1,544.82
pso,200,50,7777,,,,,0.55,0.55,0,491.8
pso,200,50,7777,,,,,0.55,0.55,0.5,441.55
pso,200,50,7777,,,,,0.55,0.55,1,537.61
pso,200,50,7777,,,,,0.55,0.85,0,536.88
pso,200,50,7777,,,,,0.55,0.85,0.5,471.85
pso,200,50,7777,,,,,0.55,0.85,1,541.84
pso,200,50,7777,,,,,0.85,0.55,0,491.8
pso,200,50,7777,,,,,0.85,0.55,0.5,450.26
pso,200,50,7777,,,,,0.85,0.55,1,537.61
pso,200,50,7777,,,,,0.85,0.85,0,536.88
pso,200,50,7777,,,,,0.85,0.85,0.5,460.13
pso,200,50,7777,,,,,0.85,0.85,1,514.71
pso,200,50,8888,,,,,0.55,0.55,0,539.33
pso,200,50,8888,,,,,0.55,0.55,0.5,457.68
pso,200,50,8888,,,,,0.55,0.55,1,577.93
pso,200,50,8888,,,,,0.55,0.85,0,509.66
pso,200,50,8888,,,,,0.55,0.85,0.5,520.49
pso,200,50,8888,,,,,0.55,0.85,1,538.07
pso,200,50,8888,,,,,0.85,0.55,0,542.94
pso,200,50,8888,,,,,0.85,0.55,0.5,437.83
pso,200,50,8888,,,,,0.85,0.55,1,592.52
pso,200,50,8888,,,,,0.85,0.85,0,511.69
pso,200,50,8888,,,,,0.85,0.85,0.5,542.4
pso,200,50,8888,,,,,0.85,0.85,1,586.66
